p[0] = -2.968859
p[1] = -3.360248
p[2] = 28.657684
p[3] = 5.362795
p[4] = 6.614058
p[5] = 16.624516
